eval_f = 0.54733956
eval_precision = 0.4881019
eval_recall = 0.62744606
global_step = 1679
loss = 13.447924
f_score = {'address': 0.6351706036745407, 'book': 0.8172757475083058, 'company': 0.8032345013477088, 'game': 0.8440677966101694, 'government': 0.8134920634920635, 'movie': 0.8166089965397924, 'name': 0.8708971553610504, 'organization': 0.7920227920227921, 'position': 0.7929824561403509, 'scene': 0.7073791348600509}
avg = 0.7893131247556825
